%YAML:1.0
---
high_transform_martix: !!opencv-matrix
   rows: 3
   cols: 3
   dt: f
   data: [ 1.07900970e-01, 5.00872493e-01, -3.81292212e+03,
       -1.08200049e+00, -1.85348046e+00, 2.33730029e+03, 1.75012465e-04,
       -4.85151215e-03, 1. ]
low_transform_martix: !!opencv-matrix
   rows: 3
   cols: 3
   dt: f
   data: [ 5.11836149e-02, 6.60003662e-01, -4.29765820e+03,
       -1.29397583e+00, -1.74807835e+00, 2.53910059e+03, 6.31593502e-05,
       -4.68772138e-03, 1. ]
